2.01   0.01
2.00597   0.136848
1.99391   0.263185
1.97386   0.388502
1.9459   0.512296
1.91014   0.634067
1.86674   0.753325
1.81585   0.86959
1.7577   0.982393
1.69251   1.09128
1.62054   1.19582
1.54209   1.29558
1.45747   1.39016
1.36702   1.47918
1.27111   1.56229
1.17011   1.63915
1.06445   1.70945
0.954542   1.77291
0.84083   1.82926
0.723772   1.8783
0.603841   1.9198
0.481518   1.95362
0.357296   1.97962
0.231676   1.99768
0.105164   2.00773
-0.0217319   2.00975
-0.1485   2.00371
-0.27463   1.98964
-0.399613   1.9676
-0.522948   1.93768
-0.644136   1.9
-0.76269   1.85471
-0.878133   1.80199
-0.99   1.74205
-1.09784   1.67514
-1.20122   1.60152
-1.29972   1.5215
-1.39295   1.43539
-1.48053   1.34354
-1.56211   1.24632
-1.63735   1.14412
-1.70597   1.03735
-1.76767   0.926453
-1.82222   0.811861
-1.86939   0.69404
-1.90899   0.573465
-1.94086   0.450621
-1.96488   0.326003
-1.98094   0.200112
-1.98899   0.0734559
-1.98899   -0.0534559
-1.98094   -0.180112
-1.96488   -0.306003
-1.94086   -0.430621
-1.90899   -0.553465
-1.86939   -0.67404
-1.82222   -0.791861
-1.76767   -0.906453
-1.70597   -1.01735
-1.63735   -1.12412
-1.56211   -1.22632
-1.48053   -1.32354
-1.39295   -1.41539
-1.29972   -1.5015
-1.20122   -1.58152
-1.09784   -1.65514
-0.99   -1.72205
-0.878133   -1.78199
-0.76269   -1.83471
-0.644136   -1.88
-0.522948   -1.91768
-0.399613   -1.9476
-0.27463   -1.96964
-0.1485   -1.98371
-0.0217319   -1.98975
0.105164   -1.98773
0.231676   -1.97768
0.357296   -1.95962
0.481518   -1.93362
0.603841   -1.8998
0.723772   -1.8583
0.84083   -1.80926
0.954542   -1.75291
1.06445   -1.68945
1.17011   -1.61915
1.27111   -1.54229
1.36702   -1.45918
1.45747   -1.37016
1.54209   -1.27558
1.62054   -1.17582
1.69251   -1.07128
1.7577   -0.962393
1.81585   -0.84959
1.86674   -0.733325
1.91014   -0.614067
1.9459   -0.492296
1.97386   -0.368502
1.99391   -0.243185
2.00597   -0.116848
2.01   0.01
3.43   1.43
3.42597   1.55685
3.41391   1.68318
3.39386   1.8085
3.3659   1.9323
3.33014   2.05407
3.28674   2.17332
3.23585   2.28959
3.1777   2.40239
3.11251   2.51128
3.04054   2.61582
2.96209   2.71557
2.87747   2.81016
2.78702   2.89918
2.6911   2.98229
2.59011   3.05915
2.48445   3.12945
2.37454   3.19291
2.26083   3.24926
2.14377   3.2983
2.02384   3.3398
1.90152   3.37362
1.7773   3.39962
1.65168   3.41768
1.52516   3.42773
1.39827   3.42975
1.2715   3.42371
1.14537   3.40964
1.02039   3.3876
0.897052   3.35768
0.775864   3.32
0.657309   3.27471
0.541866   3.22199
0.43   3.16205
0.322159   3.09514
0.21878   3.02152
0.120278   2.9415
0.0270498   2.85539
-0.0605293   2.76354
-0.142107   2.66632
-0.217354   2.56412
-0.285967   2.45735
-0.347671   2.34645
-0.402217   2.23186
-0.449386   2.11404
-0.488986   1.99346
-0.52086   1.87062
-0.544878   1.746
-0.560944   1.62011
-0.568993   1.49346
-0.568993   1.36654
-0.560944   1.23989
-0.544878   1.114
-0.52086   0.989379
-0.488986   0.866534
-0.449386   0.745959
-0.402217   0.628139
-0.347671   0.513547
-0.285967   0.402645
-0.217354   0.29588
-0.142107   0.193682
-0.0605293   0.0964616
0.0270498   0.00461125
0.120278   -0.0814996
0.21878   -0.161524
0.322159   -0.23514
0.43   -0.302051
0.541866   -0.361988
0.657309   -0.414709
0.775864   -0.460002
0.897052   -0.497685
1.02039   -0.527605
1.14537   -0.549643
1.2715   -0.56371
1.39827   -0.569749
1.52516   -0.567735
1.65168   -0.557677
1.7773   -0.539616
1.90152   -0.513624
2.02384   -0.479805
2.14377   -0.438296
2.26083   -0.389264
2.37454   -0.332907
2.48445   -0.269451
2.59011   -0.199152
2.6911   -0.122293
2.78702   -0.0391838
2.87747   0.0498416
2.96209   0.144424
3.04054   0.244184
3.11251   0.348718
3.1777   0.457606
3.23585   0.57041
3.28674   0.686675
3.33014   0.805933
3.3659   0.927704
3.39386   1.0515
3.41391   1.17681
3.42597   1.30315
3.43   1.43
4.85   2.85
4.84597   2.97685
4.83391   3.10318
4.81386   3.2285
4.7859   3.3523
4.75014   3.47407
4.70674   3.59332
4.65585   3.70959
4.5977   3.82239
4.53251   3.93128
4.46054   4.03582
4.38209   4.13557
4.29747   4.23016
4.20702   4.31918
4.1111   4.40229
4.01011   4.47915
3.90445   4.54945
3.79454   4.61291
3.68083   4.66926
3.56377   4.71829
3.44384   4.7598
3.32152   4.79362
3.1973   4.81961
3.07168   4.83768
2.94516   4.84773
2.81827   4.84975
2.6915   4.84371
2.56537   4.82964
2.44039   4.8076
2.31705   4.77768
2.19586   4.74
2.07731   4.69471
1.96187   4.64199
1.85   4.58205
1.74216   4.51514
1.63878   4.44152
1.54028   4.3615
1.44705   4.27539
1.35947   4.18354
1.27789   4.08632
1.20265   3.98412
1.13403   3.87735
1.07233   3.76645
1.01778   3.65186
0.970614   3.53404
0.931013   3.41346
0.89914   3.29062
0.875121   3.166
0.859055   3.04011
0.851006   2.91346
0.851006   2.78654
0.859055   2.65989
0.875121   2.534
0.89914   2.40938
0.931013   2.28653
0.970614   2.16596
1.01778   2.04814
1.07233   1.93355
1.13403   1.82264
1.20265   1.71588
1.27789   1.61368
1.35947   1.51646
1.44705   1.42461
1.54028   1.3385
1.63878   1.25848
1.74216   1.18486
1.85   1.11795
1.96187   1.05801
2.07731   1.00529
2.19586   0.959998
2.31705   0.922315
2.44039   0.892394
2.56537   0.870356
2.6915   0.85629
2.81827   0.850251
2.94516   0.852265
3.07168   0.862322
3.1973   0.880384
3.32152   0.906376
3.44384   0.940195
3.56377   0.981703
3.68083   1.03074
3.79454   1.08709
3.90445   1.15055
4.01011   1.22085
4.1111   1.29771
4.20702   1.38082
4.29747   1.46984
4.38209   1.56442
4.46054   1.66418
4.53251   1.76872
4.5977   1.87761
4.65585   1.99041
4.70674   2.10667
4.75014   2.22593
4.7859   2.3477
4.81386   2.4715
4.83391   2.59681
4.84597   2.72315
4.85   2.85
5.04833   4.27001
5.04677   4.31937
5.04207   4.36854
5.03427   4.41731
5.02339   4.46548
5.00947   4.51287
4.99258   4.55928
4.97278   4.60453
4.95015   4.64843
4.92478   4.6908
4.89677   4.73148
4.86624   4.77031
4.83331   4.80711
4.79811   4.84176
4.76078   4.8741
4.72148   4.90401
4.68036   4.93137
4.63759   4.95607
4.59334   4.978
4.54778   4.99708
4.50111   5.01323
4.4535   5.02639
4.40516   5.03651
4.35627   5.04354
4.30704   5.04745
4.25766   5.04824
4.20832   5.04589
4.15924   5.04041
4.1106   5.03184
4.0626   5.02019
4.01544   5.00553
3.9693   4.9879
3.92438   4.96738
3.88084   4.94406
3.83887   4.91802
3.79864   4.88937
3.76031   4.85823
3.72403   4.82472
3.68995   4.78897
3.6582   4.75114
3.62892   4.71136
3.60221   4.66982
3.5782   4.62666
3.55697   4.58206
3.53862   4.53621
3.52321   4.48929
3.5108   4.44148
3.50145   4.39298
3.4952   4.34399
3.49207   4.2947
3.49207   4.24531
3.4952   4.19602
3.50145   4.14703
3.5108   4.09853
3.52321   4.05073
3.53862   4.0038
3.55697   3.95795
3.5782   3.91336
3.60221   3.8702
3.62892   3.82865
3.6582   3.78888
3.68995   3.75104
3.72403   3.7153
3.76031   3.68179
3.79864   3.65064
3.83887   3.62199
3.88084   3.59595
3.92438   3.57263
3.9693   3.55211
4.01544   3.53449
4.0626   3.51982
4.1106   3.50818
4.15924   3.4996
4.20832   3.49413
4.25766   3.49178
4.30704   3.49256
4.35627   3.49647
4.40516   3.5035
4.4535   3.51362
4.50111   3.52678
4.54778   3.54293
4.59334   3.56201
4.63759   3.58395
4.68036   3.60864
4.72148   3.636
4.76078   3.66591
4.79811   3.69825
4.83331   3.7329
4.86624   3.76971
4.89677   3.80853
4.92478   3.84921
4.95015   3.89159
4.97278   3.93548
4.99258   3.98073
5.00947   4.02714
5.02339   4.07453
5.03427   4.12271
5.04207   4.17148
5.04677   4.22064
5.04833   4.27001
5.67726   4.83002
5.67556   4.88375
5.67045   4.93727
5.66195   4.99036
5.65011   5.0428
5.63496   5.09439
5.61657   5.14491
5.59502   5.19416
5.57038   5.24195
5.54277   5.28807
5.51228   5.33236
5.47905   5.37462
5.4432   5.41469
5.40488   5.4524
5.36425   5.48761
5.32147   5.52016
5.27671   5.54995
5.23015   5.57683
5.18198   5.6007
5.13239   5.62147
5.08158   5.63906
5.02976   5.65338
4.97714   5.66439
4.92393   5.67204
4.87033   5.6763
4.81658   5.67716
4.76287   5.6746
4.70944   5.66864
4.6565   5.65931
4.60425   5.64663
4.55291   5.63067
4.50269   5.61148
4.45379   5.58915
4.4064   5.56376
4.36071   5.53541
4.31692   5.50422
4.27519   5.47032
4.2357   5.43385
4.1986   5.39494
4.16404   5.35375
4.13216   5.31046
4.1031   5.26523
4.07696   5.21825
4.05385   5.16971
4.03387   5.11979
4.01709   5.06872
4.00359   5.01668
3.99342   4.96388
3.98661   4.91055
3.9832   4.8569
3.9832   4.80314
3.98661   4.74948
3.99342   4.69615
4.00359   4.64336
4.01709   4.59132
4.03387   4.54024
4.05385   4.49033
4.07696   4.44179
4.1031   4.39481
4.13216   4.34958
4.16404   4.30629
4.1986   4.2651
4.2357   4.22619
4.27519   4.18971
4.31692   4.15581
4.36071   4.12463
4.4064   4.09628
4.45379   4.07089
4.50269   4.04856
4.55291   4.02937
4.60425   4.01341
4.6565   4.00073
4.70944   3.9914
4.76287   3.98544
4.81658   3.98288
4.87033   3.98373
4.92393   3.98799
4.97714   3.99564
5.02976   4.00666
5.08158   4.02098
5.13239   4.03857
5.18198   4.05934
5.23015   4.08321
5.27671   4.11009
5.32147   4.13987
5.36425   4.17243
5.40488   4.20764
5.4432   4.24535
5.47905   4.28542
5.51228   4.32768
5.54277   4.37196
5.57038   4.41809
5.59502   4.46588
5.61657   4.51513
5.63496   4.56565
5.65011   4.61723
5.66195   4.66968
5.67045   4.72276
5.67556   4.77628
5.67726   4.83002
6.92327   5.43001
6.92027   5.52472
6.91126   5.61905
6.89629   5.71261
6.87541   5.80504
6.84872   5.89596
6.81631   5.985
6.77832   6.07181
6.7349   6.15603
6.68622   6.23733
6.63249   6.31538
6.57392   6.38986
6.51074   6.46048
6.4432   6.52695
6.37159   6.589
6.29619   6.64639
6.2173   6.69887
6.13524   6.74625
6.05033   6.78833
5.96294   6.82494
5.87339   6.85593
5.78206   6.88118
5.68931   6.90059
5.59552   6.91407
5.50106   6.92158
5.40632   6.92309
5.31167   6.91858
5.2175   6.90807
5.12418   6.89162
5.03209   6.86928
4.94161   6.84115
4.85309   6.80733
4.7669   6.76796
4.68338   6.72321
4.60286   6.67326
4.52567   6.61829
4.45213   6.55854
4.38252   6.49425
4.31713   6.42567
4.25623   6.35308
4.20004   6.27678
4.14881   6.19707
4.10274   6.11426
4.06202   6.0287
4.0268   5.94074
3.99723   5.85071
3.97344   5.75899
3.9555   5.66595
3.94351   5.57195
3.9375   5.47739
3.9375   5.38263
3.94351   5.28807
3.9555   5.19407
3.97344   5.10103
3.99723   5.00931
4.0268   4.91928
4.06202   4.83131
4.10274   4.74576
4.14881   4.66295
4.20004   4.58324
4.25623   4.50694
4.31713   4.43435
4.38252   4.36577
4.45213   4.30148
4.52567   4.24173
4.60286   4.18676
4.68338   4.13681
4.7669   4.09205
4.85309   4.05269
4.94161   4.01887
5.03209   3.99074
5.12418   3.9684
5.2175   3.95195
5.31167   3.94144
5.40632   3.93693
5.50106   3.93844
5.59552   3.94595
5.68931   3.95943
5.78206   3.97884
5.87339   4.00409
5.96294   4.03508
6.05033   4.07169
6.13524   4.11377
6.2173   4.16115
6.29619   4.21363
6.37159   4.27102
6.4432   4.33307
6.51074   4.39954
6.57392   4.47016
6.63249   4.54464
6.68622   4.62269
6.7349   4.70399
6.77832   4.78821
6.81631   4.87502
6.84872   4.96406
6.87541   5.05498
6.89629   5.14741
6.91126   5.24097
6.92027   5.3353
6.92327   5.43001
8.49001   6.49001
8.48598   6.61686
8.47392   6.7432
8.45387   6.86851
8.42591   6.99231
8.39015   7.11408
8.34675   7.23334
8.29586   7.3496
8.23771   7.4624
8.17252   7.57129
8.10055   7.67583
8.0221   7.77559
7.93748   7.87017
7.84703   7.95919
7.75112   8.0423
7.65013   8.11916
7.54446   8.18946
7.43455   8.25292
7.32084   8.30928
7.20378   8.35831
7.08385   8.39982
6.96153   8.43363
6.83731   8.45963
6.71169   8.47769
6.58518   8.48775
6.45828   8.48976
6.33151   8.48372
6.20538   8.46965
6.0804   8.44762
5.95706   8.4177
5.83588   8.38001
5.71732   8.33472
5.60188   8.282
5.49001   8.22206
5.38217   8.15515
5.27879   8.08153
5.18029   8.00151
5.08706   7.9154
4.99948   7.82355
4.91791   7.72633
4.84266   7.62413
4.77404   7.51737
4.71234   7.40646
4.65779   7.29187
4.61063   7.17405
4.57103   7.05348
4.53915   6.93063
4.51513   6.80601
4.49907   6.68012
4.49102   6.55347
4.49102   6.42656
4.49907   6.2999
4.51513   6.17401
4.53915   6.04939
4.57103   5.92655
4.61063   5.80597
4.65779   5.68815
4.71234   5.57356
4.77404   5.46266
4.84266   5.35589
4.91791   5.25369
4.99948   5.15647
5.08706   5.06462
5.18029   4.97851
5.27879   4.89849
5.38217   4.82487
5.49001   4.75796
5.60188   4.69802
5.71732   4.6453
5.83588   4.60001
5.95706   4.56233
6.0804   4.53241
6.20538   4.51037
6.33151   4.4963
6.45828   4.49026
6.58518   4.49228
6.71169   4.50233
6.83731   4.5204
6.96153   4.54639
7.08385   4.58021
7.20378   4.62172
7.32084   4.67075
7.43455   4.7271
7.54446   4.79056
7.65013   4.86086
7.75112   4.93772
7.84703   5.02083
7.93748   5.10985
8.0221   5.20444
8.10055   5.3042
8.17252   5.40873
8.23771   5.51762
8.29586   5.63042
8.34675   5.74669
8.39015   5.86594
8.42591   5.98772
8.45387   6.11151
8.47392   6.23683
8.48598   6.36316
8.49001   6.49001
9.91002   7.91002
9.90599   8.03687
9.89393   8.16321
9.87388   8.28852
9.84592   8.41232
9.81016   8.53409
9.76676   8.65335
9.71587   8.76961
9.65772   8.88241
9.59253   8.9913
9.52056   9.09584
9.44211   9.1956
9.35749   9.29018
9.26704   9.3792
9.17113   9.46231
9.07013   9.53917
8.96447   9.60947
8.85456   9.67293
8.74085   9.72928
8.62379   9.77832
8.50386   9.81983
8.38154   9.85364
8.25732   9.87964
8.1317   9.8977
8.00518   9.90776
7.87829   9.90977
7.75152   9.90373
7.62539   9.88966
7.50041   9.86763
7.37707   9.83771
7.25588   9.80002
7.13733   9.75473
7.02189   9.70201
6.91002   9.64207
6.80218   9.57516
6.6988   9.50154
6.6003   9.42152
6.50707   9.33541
6.41949   9.24356
6.33791   9.14634
6.26267   9.04414
6.19405   8.93738
6.13235   8.82647
6.0778   8.71188
6.03064   8.59406
5.99103   8.47349
5.95916   8.35064
5.93514   8.22602
5.91908   8.10013
5.91103   7.97348
5.91103   7.84656
5.91908   7.71991
5.93514   7.59402
5.95916   7.4694
5.99103   7.34656
6.03064   7.22598
6.0778   7.10816
6.13235   6.99357
6.19405   6.88267
6.26267   6.7759
6.33791   6.6737
6.41949   6.57648
6.50707   6.48463
6.6003   6.39852
6.6988   6.3185
6.80218   6.24488
6.91002   6.17797
7.02189   6.11803
7.13733   6.06531
7.25588   6.02002
7.37707   5.98234
7.50041   5.95242
7.62539   5.93038
7.75152   5.91631
7.87829   5.91027
8.00518   5.91229
8.1317   5.92234
8.25732   5.94041
8.38154   5.9664
8.50386   6.00022
8.62379   6.04173
8.74085   6.09076
8.85456   6.14711
8.96447   6.21057
9.07013   6.28087
9.17113   6.35773
9.26704   6.44084
9.35749   6.52986
9.44211   6.62445
9.52056   6.7242
9.59253   6.82874
9.65772   6.93763
9.71587   7.05043
9.76676   7.1667
9.81016   7.28595
9.84592   7.40772
9.87388   7.53152
9.89393   7.65684
9.90599   7.78317
9.91002   7.91002
11   9.00002
10.996   9.12687
10.9839   9.25321
10.9639   9.37853
10.9359   9.50232
10.9002   9.62409
10.8568   9.74335
10.8059   9.85961
10.7477   9.97242
10.6825   10.0813
10.6106   10.1858
10.5321   10.2856
10.4475   10.3802
10.357   10.4692
10.2611   10.5523
10.1601   10.6292
10.0545   10.6995
9.94457   10.7629
9.83085   10.8193
9.7138   10.8683
9.59386   10.9098
9.47154   10.9436
9.34732   10.9696
9.2217   10.9877
9.09519   10.9978
8.96829   10.9998
8.84152   10.9937
8.71539   10.9797
8.59041   10.9576
8.46708   10.9277
8.34589   10.89
8.22733   10.8447
8.11189   10.792
8.00002   10.7321
7.89218   10.6652
7.7888   10.5915
7.6903   10.5115
7.59707   10.4254
7.50949   10.3336
7.42792   10.2363
7.35267   10.1341
7.28406   10.0274
7.22235   9.91648
7.16781   9.80188
7.12064   9.68406
7.08104   9.56349
7.04916   9.44064
7.02515   9.31603
7.00908   9.19013
7.00103   9.06348
7.00103   8.93657
7.00908   8.80991
7.02515   8.68402
7.04916   8.5594
7.08104   8.43656
7.12064   8.31598
7.16781   8.19816
7.22235   8.08357
7.28406   7.97267
7.35267   7.8659
7.42792   7.7637
7.50949   7.66648
7.59707   7.57463
7.6903   7.48852
7.7888   7.4085
7.89218   7.33488
8.00002   7.26797
8.11189   7.20804
8.22733   7.15531
8.34589   7.11002
8.46708   7.07234
8.59041   7.04242
8.71539   7.02038
8.84152   7.00631
8.96829   7.00027
9.09519   7.00229
9.2217   7.01235
9.34732   7.03041
9.47154   7.0564
9.59386   7.09022
9.7138   7.13173
9.83085   7.18076
9.94457   7.23712
10.0545   7.30057
10.1601   7.37087
10.2611   7.44773
10.357   7.53084
10.4475   7.61986
10.5321   7.71445
10.6106   7.81421
10.6825   7.91874
10.7477   8.02763
10.8059   8.14043
10.8568   8.2567
10.9002   8.37596
10.9359   8.49773
10.9639   8.62152
10.9839   8.74684
10.996   8.87318
11   9.00002
