0.01   0.01
0.02   0.02
0.03   0.03
0.04   0.04
0.05   0.05
0.06   0.06
0.07   0.07
0.08   0.08
0.09   0.09
0.1   0.1
0.11   0.11
0.12   0.12
0.13   0.13
0.14   0.14
0.15   0.15
0.16   0.16
0.17   0.17
0.18   0.18
0.19   0.19
0.2   0.2
0.21   0.21
0.22   0.22
0.23   0.23
0.24   0.24
0.25   0.25
0.26   0.26
0.27   0.27
0.28   0.28
0.29   0.29
0.3   0.3
0.31   0.31
0.32   0.32
0.33   0.33
0.34   0.34
0.35   0.35
0.36   0.36
0.37   0.37
0.38   0.38
0.39   0.39
0.4   0.4
0.41   0.41
0.42   0.42
0.43   0.43
0.44   0.44
0.45   0.45
0.46   0.46
0.47   0.47
0.48   0.48
0.49   0.49
0.5   0.5
0.51   0.51
0.52   0.52
0.53   0.53
0.54   0.54
0.55   0.55
0.56   0.56
0.57   0.57
0.58   0.58
0.59   0.59
0.6   0.6
0.61   0.61
0.62   0.62
0.63   0.63
0.64   0.64
0.65   0.65
0.66   0.66
0.67   0.67
0.68   0.68
0.69   0.69
0.7   0.7
0.71   0.71
0.72   0.72
0.73   0.73
0.74   0.74
0.75   0.75
0.76   0.76
0.77   0.77
0.78   0.78
0.79   0.79
0.8   0.8
0.81   0.81
0.82   0.82
0.83   0.83
0.839999   0.839999
0.849999   0.849999
0.859999   0.859999
0.869999   0.869999
0.879999   0.879999
0.889999   0.889999
0.899999   0.899999
0.909999   0.909999
0.919999   0.919999
0.929999   0.929999
0.939999   0.939999
0.949999   0.949999
0.959999   0.959999
0.969999   0.969999
0.979999   0.979999
0.989999   0.989999
0.999999   0.999999
1.01   1.01
1.01   1.01
1.02   1.02
1.03   1.03
1.04   1.04
1.05   1.05
1.06   1.06
1.07   1.07
1.08   1.08
1.09   1.09
1.1   1.1
1.11   1.11
1.12   1.12
1.13   1.13
1.14   1.14
1.15   1.15
1.16   1.16
1.17   1.17
1.18   1.18
1.19   1.19
1.2   1.2
1.21   1.21
1.22   1.22
1.23   1.23
1.24   1.24
1.25   1.25
1.26   1.26
1.27   1.27
1.28   1.28
1.29   1.29
1.3   1.3
1.31   1.31
1.32   1.32
1.33   1.33
1.34   1.34
1.35   1.35
1.36   1.36
1.37   1.37
1.38   1.38
1.39   1.39
1.4   1.4
1.41   1.41
1.42   1.42
1.43   1.43
1.44   1.44
1.45   1.45
1.46   1.46
1.47   1.47
1.48   1.48
1.49   1.49
1.5   1.5
1.51   1.51
1.52   1.52
1.53   1.53
1.54   1.54
1.55   1.55
1.56   1.56
1.57   1.57
1.58   1.58
1.59   1.59
1.6   1.6
1.61   1.61
1.62   1.62
1.63   1.63
1.64   1.64
1.65   1.65
1.66   1.66
1.67   1.67
1.68   1.68
1.69   1.69
1.7   1.7
1.71   1.71
1.72   1.72
1.73   1.73
1.74   1.74
1.75   1.75
1.76   1.76
1.77   1.77
1.78   1.78
1.79   1.79
1.8   1.8
1.81   1.81
1.82   1.82
1.83   1.83
1.84   1.84
1.85   1.85
1.86   1.86
1.87   1.87
1.88   1.88
1.89   1.89
1.9   1.9
1.91   1.91
1.92   1.92
1.93   1.93
1.94   1.94
1.95   1.95
1.96   1.96
1.97   1.97
1.98   1.98
1.99   1.99
2   2
2.01   2.01
2.01   2.01
2.02   2.02
2.03   2.03
2.04   2.04
2.05   2.05
2.06   2.06
2.07   2.07
2.08   2.08
2.09   2.09
2.1   2.1
2.11   2.11
2.12   2.12
2.13   2.13
2.14   2.14
2.15   2.15
2.16   2.16
2.17   2.17
2.18   2.18
2.19   2.19
2.2   2.2
2.21   2.21
2.22   2.22
2.23   2.23
2.24   2.24
2.25   2.25
2.26   2.26
2.27   2.27
2.28   2.28
2.29   2.29
2.3   2.3
2.31   2.31
2.32   2.32
2.33   2.33
2.34   2.34
2.35   2.35
2.36   2.36
2.37   2.37
2.38   2.38
2.39   2.39
2.4   2.4
2.41   2.41
2.42   2.42
2.43   2.43
2.44   2.44
2.45   2.45
2.46   2.46
2.47   2.47
2.48   2.48
2.49   2.49
2.5   2.5
2.51   2.51
2.52   2.52
2.53   2.53
2.54   2.54
2.55   2.55
2.56   2.56
2.57   2.57
2.58   2.58
2.59   2.59
2.6   2.6
2.61   2.61
2.62   2.62
2.63   2.63
2.64   2.64
2.65   2.65
2.66   2.66
2.67   2.67
2.68   2.68
2.69   2.69
2.7   2.7
2.71   2.71
2.72   2.72
2.73   2.73
2.74   2.74
2.75   2.75
2.76   2.76
2.77   2.77
2.78   2.78
2.79   2.79
2.8   2.8
2.81   2.81
2.82   2.82
2.83   2.83
2.84   2.84
2.85   2.85
2.86   2.86
2.87   2.87
2.88   2.88
2.89   2.89
2.9   2.9
2.91   2.91
2.92   2.92
2.93   2.93
2.94   2.94
2.95   2.95
2.96   2.96
2.97   2.97
2.98   2.98
2.99   2.99
3   3
3.01   3.01
3.01   3.01
3.02   3.02
3.03   3.03
3.04   3.04
3.05   3.05
3.06   3.06
3.07   3.07
3.08   3.08
3.09   3.09
3.1   3.1
3.11   3.11
3.12   3.12
3.13   3.13
3.14   3.14
3.15   3.15
3.16   3.16
3.17   3.17
3.18   3.18
3.19   3.19
3.2   3.2
3.21   3.21
3.22   3.22
3.23   3.23
3.24   3.24
3.25   3.25
3.26   3.26
3.27   3.27
3.28   3.28
3.29   3.29
3.3   3.3
3.31   3.31
3.32   3.32
3.33   3.33
3.34   3.34
3.35   3.35
3.36   3.36
3.37   3.37
3.38   3.38
3.39   3.39
3.4   3.4
3.41   3.41
3.42   3.42
3.43   3.43
3.44   3.44
3.45   3.45
3.46   3.46
3.47   3.47
3.48   3.48
3.49   3.49
3.5   3.5
3.51   3.51
3.52   3.52
3.53   3.53
3.54   3.54
3.55   3.55
3.56   3.56
3.57   3.57
3.58   3.58
3.59   3.59
3.6   3.6
3.61   3.61
3.62   3.62
3.63   3.63
3.64   3.64
3.65   3.65
3.66   3.66
3.67   3.67
3.68   3.68
3.69   3.69
3.7   3.7
3.71   3.71
3.72   3.72
3.73   3.73
3.74   3.74
3.75   3.75
3.76   3.76
3.77   3.77
3.78   3.78
3.79   3.79
3.8   3.8
3.81   3.81
3.82   3.82
3.83   3.83
3.84   3.84
3.85   3.85
3.86   3.86
3.87   3.87
3.88   3.88
3.89   3.89
3.9   3.9
3.91   3.91
3.92   3.92
3.93   3.93
3.94   3.94
3.95   3.95
3.96   3.96
3.97   3.97
3.98   3.98
3.99   3.99
4   4
4.01   4.01
4.01   4.01
4.02   4.02
4.03   4.03
4.04   4.04
4.05   4.05
4.06   4.06
4.07   4.07
4.08   4.08
4.09   4.09
4.1   4.1
4.11   4.11
4.12   4.12
4.13   4.13
4.14   4.14
4.15   4.15
4.16   4.16
4.17   4.17
4.18   4.18
4.19   4.19
4.2   4.2
4.21   4.21
4.22001   4.22001
4.23001   4.23001
4.24001   4.24001
4.25001   4.25001
4.26001   4.26001
4.27001   4.27001
4.28001   4.28001
4.29001   4.29001
4.30001   4.30001
4.31001   4.31001
4.32001   4.32001
4.33001   4.33001
4.34001   4.34001
4.35001   4.35001
4.36001   4.36001
4.37001   4.37001
4.38001   4.38001
4.39001   4.39001
4.40001   4.40001
4.41001   4.41001
4.42001   4.42001
4.43001   4.43001
4.44001   4.44001
4.45001   4.45001
4.46001   4.46001
4.47001   4.47001
4.48001   4.48001
4.49001   4.49001
4.50001   4.50001
4.51001   4.51001
4.52001   4.52001
4.53001   4.53001
4.54001   4.54001
4.55001   4.55001
4.56001   4.56001
4.57001   4.57001
4.58001   4.58001
4.59001   4.59001
4.60001   4.60001
4.61001   4.61001
4.62001   4.62001
4.63001   4.63001
4.64001   4.64001
4.65001   4.65001
4.66002   4.66002
4.67002   4.67002
4.68002   4.68002
4.69002   4.69002
4.70002   4.70002
4.71002   4.71002
4.72002   4.72002
4.73002   4.73002
4.74002   4.74002
4.75002   4.75002
4.76002   4.76002
4.77002   4.77002
4.78002   4.78002
4.79002   4.79002
4.80002   4.80002
4.81002   4.81002
4.82002   4.82002
4.83002   4.83002
4.84002   4.84002
4.85002   4.85002
4.86002   4.86002
4.87002   4.87002
4.88002   4.88002
4.89002   4.89002
4.90002   4.90002
4.91002   4.91002
4.92002   4.92002
4.93002   4.93002
4.94002   4.94002
4.95002   4.95002
4.96002   4.96002
4.97002   4.97002
4.98002   4.98002
4.99002   4.99002
5.00002   5.00002
5.01   5.01
5.02   5.02
5.03   5.03
5.04   5.04
5.05   5.05
5.06   5.06
5.07   5.07
5.08   5.08
5.09   5.09
5.1   5.1
5.11   5.11
5.12   5.12
5.13   5.13
5.14   5.14
5.15   5.15
5.16   5.16
5.17   5.17
5.18   5.18
5.19   5.19
5.2   5.2
5.21   5.21
5.22001   5.22001
5.23001   5.23001
5.24001   5.24001
5.25001   5.25001
5.26001   5.26001
5.27001   5.27001
5.28001   5.28001
5.29001   5.29001
5.30001   5.30001
5.31001   5.31001
5.32001   5.32001
5.33001   5.33001
5.34001   5.34001
5.35001   5.35001
5.36001   5.36001
5.37001   5.37001
5.38001   5.38001
5.39001   5.39001
5.40001   5.40001
5.41001   5.41001
5.42001   5.42001
5.43001   5.43001
5.44001   5.44001
5.45001   5.45001
5.46001   5.46001
5.47001   5.47001
5.48001   5.48001
5.49001   5.49001
5.50001   5.50001
5.51001   5.51001
5.52001   5.52001
5.53001   5.53001
5.54001   5.54001
5.55001   5.55001
5.56001   5.56001
5.57001   5.57001
5.58001   5.58001
5.59001   5.59001
5.60001   5.60001
5.61001   5.61001
5.62001   5.62001
5.63001   5.63001
5.64001   5.64001
5.65001   5.65001
5.66002   5.66002
5.67002   5.67002
5.68002   5.68002
5.69002   5.69002
5.70002   5.70002
5.71002   5.71002
5.72002   5.72002
5.73002   5.73002
5.74002   5.74002
5.75002   5.75002
5.76002   5.76002
5.77002   5.77002
5.78002   5.78002
5.79002   5.79002
5.80002   5.80002
5.81002   5.81002
5.82002   5.82002
5.83002   5.83002
5.84002   5.84002
5.85002   5.85002
5.86002   5.86002
5.87002   5.87002
5.88002   5.88002
5.89002   5.89002
5.90002   5.90002
5.91002   5.91002
5.92002   5.92002
5.93002   5.93002
5.94002   5.94002
5.95002   5.95002
5.96002   5.96002
5.97002   5.97002
5.98002   5.98002
5.99002   5.99002
6.00002   6.00002
6.01   6.01
6.02   6.02
6.03   6.03
6.04   6.04
6.05   6.05
6.06   6.06
6.07   6.07
6.08   6.08
6.09   6.09
6.1   6.1
6.11   6.11
6.12   6.12
6.13   6.13
6.14   6.14
6.15   6.15
6.16   6.16
6.17   6.17
6.18   6.18
6.19   6.19
6.2   6.2
6.21   6.21
6.22001   6.22001
6.23001   6.23001
6.24001   6.24001
6.25001   6.25001
6.26001   6.26001
6.27001   6.27001
6.28001   6.28001
6.29001   6.29001
6.30001   6.30001
6.31001   6.31001
6.32001   6.32001
6.33001   6.33001
6.34001   6.34001
6.35001   6.35001
6.36001   6.36001
6.37001   6.37001
6.38001   6.38001
6.39001   6.39001
6.40001   6.40001
6.41001   6.41001
6.42001   6.42001
6.43001   6.43001
6.44001   6.44001
6.45001   6.45001
6.46001   6.46001
6.47001   6.47001
6.48001   6.48001
6.49001   6.49001
6.50001   6.50001
6.51001   6.51001
6.52001   6.52001
6.53001   6.53001
6.54001   6.54001
6.55001   6.55001
6.56001   6.56001
6.57001   6.57001
6.58001   6.58001
6.59001   6.59001
6.60001   6.60001
6.61001   6.61001
6.62001   6.62001
6.63001   6.63001
6.64001   6.64001
6.65001   6.65001
6.66002   6.66002
6.67002   6.67002
6.68002   6.68002
6.69002   6.69002
6.70002   6.70002
6.71002   6.71002
6.72002   6.72002
6.73002   6.73002
6.74002   6.74002
6.75002   6.75002
6.76002   6.76002
6.77002   6.77002
6.78002   6.78002
6.79002   6.79002
6.80002   6.80002
6.81002   6.81002
6.82002   6.82002
6.83002   6.83002
6.84002   6.84002
6.85002   6.85002
6.86002   6.86002
6.87002   6.87002
6.88002   6.88002
6.89002   6.89002
6.90002   6.90002
6.91002   6.91002
6.92002   6.92002
6.93002   6.93002
6.94002   6.94002
6.95002   6.95002
6.96002   6.96002
6.97002   6.97002
6.98002   6.98002
6.99002   6.99002
7.00002   7.00002
7.01   7.01
7.02   7.02
7.03   7.03
7.04   7.04
7.05   7.05
7.06   7.06
7.07   7.07
7.08   7.08
7.09   7.09
7.1   7.1
7.11   7.11
7.12   7.12
7.13   7.13
7.14   7.14
7.15   7.15
7.16   7.16
7.17   7.17
7.18   7.18
7.19   7.19
7.2   7.2
7.21   7.21
7.22001   7.22001
7.23001   7.23001
7.24001   7.24001
7.25001   7.25001
7.26001   7.26001
7.27001   7.27001
7.28001   7.28001
7.29001   7.29001
7.30001   7.30001
7.31001   7.31001
7.32001   7.32001
7.33001   7.33001
7.34001   7.34001
7.35001   7.35001
7.36001   7.36001
7.37001   7.37001
7.38001   7.38001
7.39001   7.39001
7.40001   7.40001
7.41001   7.41001
7.42001   7.42001
7.43001   7.43001
7.44001   7.44001
7.45001   7.45001
7.46001   7.46001
7.47001   7.47001
7.48001   7.48001
7.49001   7.49001
7.50001   7.50001
7.51001   7.51001
7.52001   7.52001
7.53001   7.53001
7.54001   7.54001
7.55001   7.55001
7.56001   7.56001
7.57001   7.57001
7.58001   7.58001
7.59001   7.59001
7.60001   7.60001
7.61001   7.61001
7.62001   7.62001
7.63001   7.63001
7.64001   7.64001
7.65001   7.65001
7.66002   7.66002
7.67002   7.67002
7.68002   7.68002
7.69002   7.69002
7.70002   7.70002
7.71002   7.71002
7.72002   7.72002
7.73002   7.73002
7.74002   7.74002
7.75002   7.75002
7.76002   7.76002
7.77002   7.77002
7.78002   7.78002
7.79002   7.79002
7.80002   7.80002
7.81002   7.81002
7.82002   7.82002
7.83002   7.83002
7.84002   7.84002
7.85002   7.85002
7.86002   7.86002
7.87002   7.87002
7.88002   7.88002
7.89002   7.89002
7.90002   7.90002
7.91002   7.91002
7.92002   7.92002
7.93002   7.93002
7.94002   7.94002
7.95002   7.95002
7.96002   7.96002
7.97002   7.97002
7.98002   7.98002
7.99002   7.99002
8.00002   8.00002
8.01   8.01
8.02   8.02
8.03   8.03
8.04   8.04
8.05   8.05
8.06   8.06
8.07   8.07
8.08   8.08
8.09   8.09
8.1   8.1
8.11   8.11
8.12   8.12
8.13   8.13
8.14   8.14
8.15   8.15
8.16   8.16
8.17   8.17
8.18   8.18
8.19   8.19
8.2   8.2
8.21   8.21
8.22001   8.22001
8.23001   8.23001
8.24001   8.24001
8.25001   8.25001
8.26001   8.26001
8.27001   8.27001
8.28001   8.28001
8.29001   8.29001
8.30001   8.30001
8.31001   8.31001
8.32001   8.32001
8.33001   8.33001
8.34001   8.34001
8.35001   8.35001
8.36001   8.36001
8.37001   8.37001
8.38001   8.38001
8.39001   8.39001
8.40001   8.40001
8.41001   8.41001
8.42001   8.42001
8.43001   8.43001
8.44001   8.44001
8.45001   8.45001
8.46001   8.46001
8.47001   8.47001
8.48001   8.48001
8.49001   8.49001
8.50001   8.50001
8.51001   8.51001
8.52001   8.52001
8.53001   8.53001
8.54001   8.54001
8.55001   8.55001
8.56001   8.56001
8.57001   8.57001
8.58001   8.58001
8.59001   8.59001
8.60001   8.60001
8.61001   8.61001
8.62001   8.62001
8.63001   8.63001
8.64001   8.64001
8.65001   8.65001
8.66002   8.66002
8.67002   8.67002
8.68002   8.68002
8.69002   8.69002
8.70002   8.70002
8.71002   8.71002
8.72002   8.72002
8.73002   8.73002
8.74002   8.74002
8.75002   8.75002
8.76002   8.76002
8.77002   8.77002
8.78002   8.78002
8.79002   8.79002
8.80002   8.80002
8.81002   8.81002
8.82002   8.82002
8.83002   8.83002
8.84002   8.84002
8.85002   8.85002
8.86002   8.86002
8.87002   8.87002
8.88002   8.88002
8.89002   8.89002
8.90002   8.90002
8.91002   8.91002
8.92002   8.92002
8.93002   8.93002
8.94002   8.94002
8.95002   8.95002
8.96002   8.96002
8.97002   8.97002
8.98002   8.98002
8.99002   8.99002
9.00002   9.00002
